#time in s	Single 1(/s)	
18	0	
18.1	0	
18.2	0	
18.3	0	
18.4	0	
18.5	0	
18.6	0	
18.7	0	
18.8	0	
18.9	0	
19	0	
19.1	0	
19.2	0	
19.3	0	
19.4	0	
19.5	0	
19.6	0	
19.7	0	
19.8	0	
19.9	0	
20	0	
20.1	0	
20.2	0	
20.3	0	
20.4	0	
20.5	0	
20.6	0	
20.7	0	
20.8	0	
20.9	0	
21	0	
21.1	0	
21.2	0	
21.3	0	
21.4	0	
21.5	0	
21.6	0	
21.7	0	
21.8	0	
21.9	0	
22	0	
22.1	0	
22.2	0	
22.3	0	
22.4	0	
22.5	0	
22.6	0	
22.7	0	
22.8	0	
22.9	0	
23	0	
23.1	0	
23.2	0	
23.3	0	
23.4	0	
23.5	0	
23.6	0	
23.7	0	
23.8	0	
23.9	0	
24	0	
24.1	0	
24.2	0	
24.3	0	
24.4	0	
24.5	0	
24.6	0	
24.7	0	
24.8	0	
24.9	0	
25	0	
25.1	0	
25.2	0	
25.3	0	
25.4	0	
25.5	0	
25.6	0	
25.7	0	
25.8	0	
25.9	0	
26	0	
26.1	0	
26.2	0	
26.3	0	
26.4	0	
26.5	0	
26.6	0	
26.7	0	
26.8	0	
26.9	0	
27	0	
27.1	0	
27.2	0	
27.3	0	
27.4	0	
27.5	0	
27.6	0	
27.7	0	
27.8	0	
27.9	0	
28	0	
28.1	0	
28.2	0	
28.3	0	
28.4	0	
28.5	0	
28.6	0	
28.7	0	
28.8	0	
28.9	0	
29	0	
29.1	0	
29.2	0	
29.3	0	
29.4	0	
29.5	0	
29.6	0	
29.7	0	
29.8	0	
29.9	0	
30	0	
30.1	0	
30.2	0	
30.3	0	
30.4	0	
30.5	0	
30.6	0	
30.7	0	
30.8	0	
30.9	0	
31	0	
31.1	0	
31.2	0	
31.3	0	
31.4	0	
31.5	0	
31.6	0	
31.7	0	
31.8	0	
31.9	0	
32	0	
32.1	0	
32.2	0	
32.3	0	
32.4	0	
32.5	0	
32.6	0	
32.7	0	
32.8	0	
32.9	0	
33	0	
33.1	0	
33.2	0	
33.3	0	
33.4	0	
33.5	0	
33.6	0	
33.7	0	
33.8	0	
33.9	0	
34	0	
34.1	0	
34.2	0	
34.3	0	
34.4	0	
34.5	0	
34.6	0	
34.7	0	
34.8	0	
34.9	0	
35	0	
35.1	0	
35.2	0	
35.3	0	
35.4	0	
35.5	0	
35.6	0	
35.7	0	
35.8	0	
35.9	0	
36	0	
36.1	0	
36.2	0	
36.3	0	
36.4	0	
36.5	0	
36.6	0	
36.7	0	
36.8	0	
36.9	0	
37	0	
37.1	0	
37.2	0	
37.3	0	
37.4	0	
37.5	0	
37.6	0	
37.7	0	
37.8	0	
37.9	0	
38	0	
38.1	0	
38.2	0	
38.3	0	
38.4	0	
38.5	0	
38.6	0	
38.7	0	
38.8	0	
38.9	0	
39	0	
39.1	0	
39.2	0	
39.3	0	
39.4	0	
39.5	0	
39.6	0	
39.7	0	
39.8	0	
39.9	0	
40	0	
40.1	0	
40.2	0	
40.3	0	
40.4	0	
40.5	0	
40.6	0	
40.7	0	
40.8	0	
40.9	0	
41	0	
41.1	0	
41.2	0	
41.3	0	
41.4	0	
41.5	0	
41.6	0	
41.7	0	
41.8	0	
41.9	0	
42	0	
42.1	0	
42.2	0	
42.3	0	
42.4	0	
42.5	0	
42.6	0	
42.7	0	
42.8	0	
42.9	0	
43	0	
43.1	0	
43.2	0	
43.3	0	
43.4	0	
43.5	0	
43.6	0	
43.7	0	
43.8	0	
43.9	0	
44	0	
44.1	0	
44.2	0	
44.3	0	
44.4	0	
44.5	0	
44.6	0	
44.7	0	
44.8	0	
44.9	0	
45	0	
45.1	0	
45.2	0	
45.3	0	
45.4	0	
45.5	0	
45.6	0	
45.7	0	
45.8	0	
45.9	0	
46	0	
46.1	0	
46.2	0	
46.3	0	
46.4	0	
46.5	0	
46.6	0	
46.7	0	
46.8	0	
46.9	0	
47	0	
47.1	0	
47.2	0	
47.3	0	
47.4	0	
47.5	0	
47.6	0	
47.7	0	
47.8	0	
47.9	0	
48	0	
48.1	0	
48.2	0	
48.3	0	
48.4	0	
48.5	0	
48.6	0	
48.7	0	
48.8	0	
48.9	0	
49	0	
49.1	0	
49.2	0	
49.3	0	
49.4	0	
49.5	0	
49.6	0	
49.7	0	
49.8	0	
49.9	0	
50	0	
50.1	0	
50.2	0	
50.3	0	
50.4	0	
50.5	0	
50.6	0	
50.7	0	
50.8	0	
50.9	0	
51	0	
51.1	0	
51.2	0	
51.3	0	
51.4	0	
51.5	0	
51.6	0	
51.7	0	
51.8	0	
51.9	0	
52	0	
52.1	0	
52.2	0	
52.3	0	
52.4	0	
52.5	0	
52.6	0	
52.7	0	
52.8	0	
52.9	0	
53	0	
53.1	0	
53.2	0	
53.3	0	
53.4	0	
53.5	0	
53.6	0	
53.7	0	
53.8	0	
53.9	0	
54	0	
54.1	0	
54.2	0	
54.3	0	
54.4	0	
54.5	0	
54.6	0	
54.7	0	
54.8	0	
54.9	0	
55	6620	
55.1	5920	
55.2	6750	
55.3	6550	
55.4	6050	
55.5	6210	
55.6	6190	
55.7	6230	
55.8	5790	
55.9	6020	
56	6610	
56.1	6190	
56.2	5860	
56.3	6500	
56.4	6340	
56.5	5940	
56.6	6050	
56.7	6430	
56.8	6130	
56.9	6170	
57	6320	
57.1	6400	
57.2	6290	
57.3	6150	
57.4	6880	
57.5	5970	
57.6	6300	
57.7	6260	
57.8	6330	
57.9	6110	
58	5640	
58.1	6520	
58.2	6850	
58.3	5500	
58.4	6270	
58.5	6610	
58.6	6510	
58.7	6510	
58.8	7100	
58.9	6600	
59	6940	
59.1	6320	
59.2	6630	
59.3	6660	
59.4	6380	
59.5	6470	
59.6	6210	
59.7	6050	
59.8	6280	
59.9	6680	
60	6620	
60.1	6790	
60.2	6590	
60.3	6690	
60.4	6060	
60.5	5840	
60.6	6030	
60.7	7230	
60.8	7740	
60.9	7490	
61	6900	
61.1	5740	
61.2	5190	
61.3	5520	
61.4	6880	
61.5	8300	
61.6	8130	
61.7	7380	
61.8	6650	
61.9	5270	
62	4180	
62.1	4680	
62.2	5560	
62.3	6680	
62.4	7210	
62.5	8380	
62.6	8930	
62.7	9840	
62.8	8790	
62.9	8730	
63	7470	
63.1	6600	
63.2	4330	
63.3	3680	
63.4	4320	
63.5	6190	
63.6	8460	
63.7	10130	
63.8	9610	
63.9	7120	
64	4060	
64.1	2820	
64.2	2320	
64.3	5070	
64.4	7150	
64.5	9670	
64.6	10990	
64.7	10130	
64.8	8100	
64.9	6190	
65	3400	
65.1	2090	
65.2	2550	
65.3	6010	
65.4	9820	
65.5	10650	
65.6	5720	
65.7	3000	
65.8	1780	
65.9	2380	
66	3870	
66.1	7440	
66.2	10560	
66.3	9910	
66.4	7360	
66.5	3400	
66.6	2210	
66.7	4660	
66.8	7600	
66.9	10210	
67	7250	
67.1	2890	
67.2	3890	
67.3	7070	
67.4	9200	
67.5	7340	
67.6	6160	
67.7	4180	
67.8	6600	
67.9	8830	
68	7850	
68.1	6220	
68.2	4790	
68.3	5280	
68.4	6800	
68.5	7360	
68.6	7520	
68.7	6060	
68.8	5510	
68.9	6400	
69	6910	
69.1	6550	
69.2	6070	
69.3	6260	
69.4	5540	
69.5	6130	
69.6	6970	
69.7	6950	
69.8	7580	
69.9	6960	
70	6930	
70.1	6720	
70.2	5980	
70.3	7320	
70.4	6550	
70.5	6720	
70.6	6520	
70.7	6700	
70.8	6620	
70.9	6830	
71	6790	
71.1	6120	
71.2	6740	
71.3	6420	
71.4	6080	
71.5	5880	
71.6	6240	
71.7	6170	
71.8	5890	
71.9	6420	
72	6110	
72.1	6090	
72.2	6420	
72.3	5860	
72.4	5750	
72.5	6240	
72.6	6660	
72.7	6490	
72.8	6450	
72.9	6120	
