=================================
# quCR linear Scan Data
=================================
#    Integration Time: 1 s
#  position (mm)         coinc. rates: (s^-1) ch 0 1 2 3 01...
-0.0019   19397.8  19403.3  170  0  464.444  0  0  0  0  0  0  0  0  0  0
-0.0015625   19553.3  19092.2  194.444  0  462.222  0  0  0  0  0  0  0  0  0  0
-0.00125   19250  19318.9  193.333  0  468.889  0  0  0  0  0  0  0  0  0  0
-0.0009375   19592.2  19124.4  164.444  0  438.889  0  0  0  0  0  0  0  0  0  0
-0.000625   19378.9  19365.6  168.889  0  422.222  0  0  0  0  0  0  0  0  0  0
-0.0003125   19268.9  19060  186.667  0  468.889  0  0  0  0  0  0  0  0  0  0
0   19288.9  19017.8  173.333  0  423.333  0  0  0  0  0  0  0  0  0  0
0.0003125   19412.2  19124.4  174.444  0  488.889  0  0  0  0  0  0  0  0  0  0
0.000625   19311.1  19142.2  163.333  0  461.111  0  0  0  0  0  0  0  0  0  0
0.0009375   19413.3  19275.6  175.556  0  496.667  1.11111  0  0  0  0  0  0  0  0  0
0.00125   19462.2  19075.6  198.889  0  482.222  0  0  0  0  0  0  0  0  0  0
0.0015625   19281.1  19235.6  157.778  0  491.111  0  0  0  0  0  0  0  0  0  0
0.001875   19503.3  19235.6  175.556  0  485.556  0  0  0  0  0  0  0  0  0  0
0.0021875   19472.2  18986.7  182.222  0  480  0  0  0  0  0  0  0  0  0  0
0.0025   19575.6  19391.1  186.667  0  484.444  0  0  0  0  0  0  0  0  0  0
0.0028125   19452.2  19164.4  162.222  0  475.556  0  0  0  0  0  0  0  0  0  0
0.003125   19428.9  19114.4  188.889  0  471.111  0  1.11111  0  0  0  0  0  0  0  0
0.0034375   19628.9  19391.1  184.444  0  484.444  1.11111  0  0  0  0  0  0  0  0  0
0.00375   19533.3  19187.8  170  0  454.444  0  0  0  0  0  0  0  0  0  0
0.0040625   19560  19244.4  165.556  0  482.222  0  0  0  0  0  0  0  0  0  0
0.004375   19522.2  19334.4  186.667  0  464.444  1.11111  0  0  0  0  0  0  0  0  0
0.0046875   19774.4  19031.1  194.444  0  481.111  1.11111  0  0  0  0  0  0  0  0  0
0.005   19463.3  19320  166.667  0  454.444  0  0  0  0  0  0  0  0  0  0
0.0053125   19365.6  19118.9  165.556  0  452.222  0  0  0  0  0  0  0  0  0  0
0.005625   19511.1  19035.6  167.778  0  467.778  0  0  0  0  0  0  0  0  0  0
0.0059375   19614.4  19540  185.556  0  474.444  0  0  0  0  0  0  0  0  0  0
0.00625   19406.7  19286.7  187.778  0  475.556  0  0  0  0  0  0  0  0  0  0
0.0065625   19692.2  19363.3  158.889  0  442.222  0  0  0  0  0  0  0  0  0  0
0.006875   19561.1  19446.7  168.889  0  496.667  0  0  0  0  0  0  0  0  0  0
0.0071875   19756.7  19423.3  158.889  0  436.667  0  0  0  0  0  0  0  0  0  0
0.0075   19451.1  19190  184.444  0  440  0  0  0  0  0  0  0  0  0  0
0.0078125   19316.7  19533.3  152.222  0  494.444  0  0  0  0  0  0  0  0  0  0
0.008125   19463.3  19571.1  177.778  0  493.333  0  0  0  0  0  0  0  0  0  0
0.0084375   19717.8  19424.4  171.111  0  467.778  0  0  0  0  0  0  0  0  0  0
0.00875   19530  19584.4  183.333  0  516.667  0  0  0  0  0  0  0  0  0  0
0.0090625   19530  19343.3  170  0  460  0  0  0  0  0  0  0  0  0  0
0.009375   19524.4  19428.9  186.667  0  492.222  0  0  0  0  0  0  0  0  0  0
0.0096875   19162.2  19728.9  172.222  0  440  1.11111  0  0  0  0  0  0  0  0  0
0.01   19092.2  19502.2  182.222  0  481.111  0  0  0  0  0  0  0  0  0  0
0.0103125   19724.4  19112.2  163.333  0  488.889  0  0  0  0  0  0  0  0  0  0
0.010625   19678.9  19324.4  171.111  0  461.111  1.11111  0  0  0  0  0  0  0  0  0
0.0109375   19526.7  19378.9  178.889  0  458.889  0  0  0  0  0  0  0  0  0  0
0.01125   19701.1  19228.9  196.667  0  472.222  0  0  0  0  0  0  0  0  0  0
0.0115625   19630  19284.4  170  0  463.333  0  0  0  0  0  0  0  0  0  0
0.011875   19593.3  19294.4  188.889  0  484.444  0  0  0  0  0  0  0  0  0  0
0.0121875   19452.2  19118.9  181.111  0  461.111  0  0  0  0  0  0  0  0  0  0
0.0125   19382.2  19277.8  180  0  500  0  1.11111  0  0  0  0  0  0  0  0
0.0128125   19656.7  19555.6  176.667  0  514.444  0  0  0  0  0  0  0  0  0  0
0.013125   19377.8  19535.6  180  0  487.778  0  0  0  0  0  0  0  0  0  0
0.0134375   19334.4  19226.7  173.333  0  456.667  1.11111  0  0  0  0  0  0  0  0  0
0.01375   19547.8  19245.6  173.333  0  440  0  0  0  0  0  0  0  0  0  0
0.0140625   19077.8  19565.6  182.222  0  488.889  0  0  0  0  0  0  0  0  0  0
0.014375   19431.1  19594.4  182.222  0  501.111  0  1.11111  0  0  0  0  0  0  0  0
0.0146875   19691.1  19401.1  178.889  0  450  0  0  0  0  0  0  0  0  0  0
0.015   19593.3  19598.9  177.778  0  504.444  0  0  0  0  0  0  0  0  0  0
0.0153125   19301.1  19365.6  192.222  0  466.667  0  1.11111  0  0  0  0  0  0  0  0
0.015625   19363.3  19186.7  167.778  0  444.444  0  0  0  0  0  0  0  0  0  0
0.0159375   19488.9  19342.2  168.889  0  451.111  0  1.11111  0  0  0  0  0  0  0  0
0.01625   19490  19514.4  170  0  502.222  0  0  0  0  0  0  0  0  0  0
0.0165625   19482.2  19353.3  187.778  0  464.444  0  0  0  0  0  0  0  0  0  0
0.016875   19202.2  19351.1  153.333  0  512.222  0  0  0  0  0  0  0  0  0  0
0.0171875   19252.2  19580  178.889  0  488.889  0  1.11111  0  0  0  0  0  0  0  0
0.0175   19243.3  19420  170  0  495.556  0  0  0  0  0  0  0  0  0  0
0.0178125   19608.9  19413.3  188.889  0  490  0  0  0  0  0  0  0  0  0  0
0.018125   19261.1  19688.9  170  0  491.111  0  0  0  0  0  0  0  0  0  0
0.0184375   19453.3  19561.1  157.778  0  481.111  0  0  0  0  0  0  0  0  0  0
0.01875   19435.6  19264.4  171.111  0  474.444  0  0  0  0  0  0  0  0  0  0
0.0190625   19705.6  19416.7  157.778  0  507.778  1.11111  1.11111  0  0  0  0  0  0  0  0
0.019375   19608.9  19350  184.444  0  421.111  0  0  0  0  0  0  0  0  0  0
0.0196875   19306.7  19290  165.556  0  482.222  0  0  0  0  0  0  0  0  0  0
0.02   19335.6  19507.8  147.778  0  473.333  0  0  0  0  0  0  0  0  0  0
0.0203125   19443.3  19344.4  191.111  0  460  0  0  0  0  0  0  0  0  0  0
0.020625   19458.9  19230  158.889  0  455.556  0  0  0  0  0  0  0  0  0  0
0.0209375   19661.1  19513.3  196.667  0  490  0  0  0  0  0  0  0  0  0  0
0.02125   19530  19284.4  177.778  0  467.778  0  0  0  0  0  0  0  0  0  0
0.0215625   19470  19370  182.222  0  481.111  0  0  0  0  0  0  0  0  0  0
0.021875   19222.2  19483.3  163.333  0  488.889  0  0  0  0  0  0  0  0  0  0
0.0221875   19652.2  19134.4  157.778  0  477.778  1.11111  1.11111  0  0  0  0  0  0  0  0
0.0225   19648.9  19407.8  163.333  0  496.667  0  0  0  0  0  0  0  0  0  0
0.0228125   19378.9  19502.2  171.111  0  481.111  0  0  0  0  0  0  0  0  0  0
0.023125   19571.1  19462.2  172.222  0  458.889  0  0  0  0  0  0  0  0  0  0
0.0234375   19104.4  19642.2  158.889  0  451.111  0  0  0  0  0  0  0  0  0  0
0.02375   19544.4  19361.1  160  0  500  0  0  0  0  0  0  0  0  0  0
0.0240625   19646.7  19326.7  195.556  0  505.556  0  0  0  0  0  0  0  0  0  0
0.024375   19572.2  19574.4  175.556  0  468.889  0  0  0  0  0  0  0  0  0  0
0.0246875   19418.9  19385.6  172.222  0  488.889  0  0  0  0  0  0  0  0  0  0
0.025   19642.2  19110  201.111  0  448.889  1.11111  0  0  0  0  0  0  0  0  0
0.0253125   19513.3  19517.8  156.667  0  408.889  0  0  0  0  0  0  0  0  0  0
0.025625   19312.2  19085.6  188.889  0  417.778  0  0  0  0  0  0  0  0  0  0
0.0259375   19326.7  19330  151.111  0  418.889  0  0  0  0  0  0  0  0  0  0
0.02625   19477.8  19086.7  162.222  0  417.778  0  0  0  0  0  0  0  0  0  0
0.0265625   19397.8  19030  165.556  0  405.556  0  0  0  0  0  0  0  0  0  0
0.026875   19354.4  19005.6  147.778  0  328.889  0  0  0  0  0  0  0  0  0  0
0.0271875   19484.4  19194.4  178.889  0  284.444  0  0  0  0  0  0  0  0  0  0
0.0275   19441.1  19017.8  177.778  0  266.667  0  0  0  0  0  0  0  0  0  0
0.0278125   19396.7  19333.3  180  0  244.444  0  0  0  0  0  0  0  0  0  0
0.028125   19115.6  19213.3  172.222  0  176.667  0  0  0  0  0  0  0  0  0  0
0.0284375   19496.7  19260  184.444  0  150  0  0  0  0  0  0  0  0  0  0
0.02875   19396.7  18846.7  187.778  0  191.111  0  0  0  0  0  0  0  0  0  0
0.0290625   19344.4  19200  170  0  164.444  0  0  0  0  0  0  0  0  0  0
0.029375   19380  19078.9  151.111  0  162.222  1.11111  0  0  0  0  0  0  0  0  0
0.0296875   19461.1  19345.6  195.556  0  194.444  1.11111  0  0  0  0  0  0  0  0  0
0.03   19118.9  19335.6  162.222  0  202.222  0  0  0  0  0  0  0  0  0  0
0.0303125   19193.3  19012.2  151.111  0  223.333  0  0  0  0  0  0  0  0  0  0
0.030625   19456.7  18987.8  171.111  0  263.333  0  0  0  0  0  0  0  0  0  0
0.0309375   19223.3  19545.6  163.333  0  311.111  0  0  0  0  0  0  0  0  0  0
0.03125   19291.1  19668.9  185.556  0  348.889  0  0  0  0  0  0  0  0  0  0
0.0315625   19332.2  19042.2  163.333  0  372.222  0  0  0  0  0  0  0  0  0  0
0.031875   19247.8  19448.9  172.222  0  383.333  0  0  0  0  0  0  0  0  0  0
0.0321875   19206.7  19501.1  168.889  0  427.778  0  0  0  0  0  0  0  0  0  0
0.0325   19440  19458.9  191.111  0  416.667  0  0  0  0  0  0  0  0  0  0
0.0328125   19451.1  19408.9  167.778  0  394.444  0  0  0  0  0  0  0  0  0  0
0.033125   19426.7  19495.6  177.778  0  401.111  0  0  0  0  0  0  0  0  0  0
0.0334375   19912.2  19688.9  162.222  0  446.667  0  0  0  0  0  0  0  0  0  0
0.03375   19724.4  19328.9  176.667  0  474.444  0  0  0  0  0  0  0  0  0  0
0.0340625   19566.7  19334.4  175.556  0  436.667  0  0  0  0  0  0  0  0  0  0
0.034375   19345.6  19473.3  160  0  507.778  0  0  0  0  0  0  0  0  0  0
0.0346875   19666.7  19433.3  182.222  0  443.333  0  0  0  0  0  0  0  0  0  0
0.035   19637.8  19340  157.778  0  497.778  0  0  0  0  0  0  0  0  0  0
0.0353125   19350  19533.3  196.667  0  446.667  1.11111  0  0  0  0  0  0  0  0  0
0.035625   19248.9  19313.3  178.889  0  447.778  0  1.11111  0  0  0  0  0  0  0  0
0.0359375   19563.3  19534.4  177.778  0  445.556  0  0  0  0  0  0  0  0  0  0
0.03625   19402.2  19481.1  178.889  0  478.889  1.11111  0  0  0  0  0  0  0  0  0
0.0365625   19095.6  19824.4  157.778  0  462.222  0  0  0  0  0  0  0  0  0  0
0.036875   19493.3  19136.7  194.444  0  504.444  0  0  0  0  0  0  0  0  0  0
0.0371875   19447.8  19231.1  170  0  486.667  1.11111  0  0  0  0  0  0  0  0  0
0.0375   19528.9  19420  185.556  0  505.556  0  0  0  0  0  0  0  0  0  0
0.0378125   19425.6  19423.3  161.111  0  495.556  1.11111  0  0  0  0  0  0  0  0  0
0.038125   19418.9  19224.4  182.222  0  441.111  0  0  0  0  0  0  0  0  0  0
0.0384375   19643.3  19337.8  174.444  0  470  0  0  0  0  0  0  0  0  0  0
0.03875   19448.9  19467.8  188.889  0  518.889  0  1.11111  0  0  0  0  0  0  0  0
0.0390625   19571.1  19313.3  203.333  0  463.333  0  0  0  0  0  0  0  0  0  0
0.039375   19168.9  19191.1  172.222  0  482.222  0  0  0  0  0  0  0  0  0  0
0.0396875   19611.1  19498.9  164.444  0  471.111  0  0  0  0  0  0  0  0  0  0
0.04   19643.3  19400  204.444  0  454.444  0  0  0  0  0  0  0  0  0  0
0.0403125   19345.6  19538.9  200  0  510  0  0  0  0  0  0  0  0  0  0
0.040625   19580  19264.4  177.778  0  455.556  0  0  0  0  0  0  0  0  0  0
0.0409375   19532.2  19592.2  181.111  0  494.444  0  0  0  0  0  0  0  0  0  0
0.04125   19315.6  19528.9  172.222  0  445.556  0  0  0  0  0  0  0  0  0  0
0.0415625   19265.6  19673.3  167.778  0  464.444  0  0  0  0  0  0  0  0  0  0
0.041875   19467.8  19370  181.111  0  502.222  0  0  0  0  0  0  0  0  0  0
0.0421875   19532.2  19195.6  162.222  0  464.444  0  0  0  0  0  0  0  0  0  0
0.0425   19774.4  19584.4  163.333  0  491.111  0  0  0  0  0  0  0  0  0  0
0.0428125   19530  19414.4  178.889  0  475.556  0  0  0  0  0  0  0  0  0  0
0.043125   19525.6  19787.8  193.333  0  423.333  0  0  0  0  0  0  0  0  0  0
0.0434375   19584.4  19360  156.667  0  470  0  0  0  0  0  0  0  0  0  0
0.04375   19468.9  19423.3  177.778  0  478.889  0  0  0  0  0  0  0  0  0  0
0.0440625   19322.2  19511.1  163.333  0  455.556  0  0  0  0  0  0  0  0  0  0
0.044375   19557.8  19386.7  171.111  0  524.444  0  0  0  0  0  0  0  0  0  0
0.0446875   19454.4  19450  145.556  0  490  0  0  0  0  0  0  0  0  0  0
0.045   19615.6  19436.7  171.111  0  488.889  1.11111  0  0  0  0  0  0  0  0  0
0.0453125   19373.3  19554.4  151.111  0  471.111  0  0  0  0  0  0  0  0  0  0
0.045625   19521.1  19652.2  196.667  0  485.556  0  0  0  0  0  0  0  0  0  0
0.0459375   19508.9  19284.4  162.222  0  454.444  0  0  0  0  0  0  0  0  0  0
0.04625   19536.7  19358.9  155.556  0  475.556  1.11111  0  0  0  0  0  0  0  0  0
0.0465625   19702.2  19548.9  174.444  0  485.556  0  0  0  0  0  0  0  0  0  0
0.046875   19730  19183.3  170  0  416.667  0  0  0  0  0  0  0  0  0  0
0.0471875   19894.4  19431.1  156.667  0  486.667  0  0  0  0  0  0  0  0  0  0
0.0475   19553.3  19507.8  181.111  0  493.333  0  0  0  0  0  0  0  0  0  0
0.0478125   19521.1  19820  173.333  0  480  0  0  0  0  0  0  0  0  0  0
0.048125   19660  19466.7  193.333  0  486.667  0  0  0  0  0  0  0  0  0  0
0.0484375   19774.4  19447.8  182.222  0  481.111  0  0  0  0  0  0  0  0  0  0
0.04875   19854.4  19637.8  143.333  0  490  0  0  0  0  0  0  0  0  0  0
0.0490625   19718.9  19514.4  177.778  0  477.778  0  0  0  0  0  0  0  0  0  0
0.049375   19604.4  19451.1  184.444  0  544.444  0  0  0  0  0  0  0  0  0  0
0   0  0  0  0  0  0  0  0  0  0  0  0  0  0  0
0   0  0  0  0  0  0  0  0  0  0  0  0  0  0  0
0   0  0  0  0  0  0  0  0  0  0  0  0  0  0  0
0   0  0  0  0  0  0  0  0  0  0  0  0  0  0  0
0   0  0  0  0  0  0  0  0  0  0  0  0  0  0  0
0   0  0  0  0  0  0  0  0  0  0  0  0  0  0  0
0   0  0  0  0  0  0  0  0  0  0  0  0  0  0  0
0   0  0  0  0  0  0  0  0  0  0  0  0  0  0  0
0   0  0  0  0  0  0  0  0  0  0  0  0  0  0  0
0   0  0  0  0  0  0  0  0  0  0  0  0  0  0  0
0   0  0  0  0  0  0  0  0  0  0  0  0  0  0  0
0   0  0  0  0  0  0  0  0  0  0  0  0  0  0  0
0   0  0  0  0  0  0  0  0  0  0  0  0  0  0  0
0   0  0  0  0  0  0  0  0  0  0  0  0  0  0  0
0   0  0  0  0  0  0  0  0  0  0  0  0  0  0  0
0   0  0  0  0  0  0  0  0  0  0  0  0  0  0  0
0   0  0  0  0  0  0  0  0  0  0  0  0  0  0  0
0   0  0  0  0  0  0  0  0  0  0  0  0  0  0  0
0   0  0  0  0  0  0  0  0  0  0  0  0  0  0  0
0   0  0  0  0  0  0  0  0  0  0  0  0  0  0  0
0   0  0  0  0  0  0  0  0  0  0  0  0  0  0  0
0   0  0  0  0  0  0  0  0  0  0  0  0  0  0  0
0   0  0  0  0  0  0  0  0  0  0  0  0  0  0  0
0   0  0  0  0  0  0  0  0  0  0  0  0  0  0  0
0   0  0  0  0  0  0  0  0  0  0  0  0  0  0  0
0   0  0  0  0  0  0  0  0  0  0  0  0  0  0  0
0   0  0  0  0  0  0  0  0  0  0  0  0  0  0  0
0   0  0  0  0  0  0  0  0  0  0  0  0  0  0  0
0   0  0  0  0  0  0  0  0  0  0  0  0  0  0  0
0   0  0  0  0  0  0  0  0  0  0  0  0  0  0  0
0   0  0  0  0  0  0  0  0  0  0  0  0  0  0  0
0   0  0  0  0  0  0  0  0  0  0  0  0  0  0  0
0   0  0  0  0  0  0  0  0  0  0  0  0  0  0  0
0   0  0  0  0  0  0  0  0  0  0  0  0  0  0  0
0   0  0  0  0  0  0  0  0  0  0  0  0  0  0  0
0   0  0  0  0  0  0  0  0  0  0  0  0  0  0  0
0   0  0  0  0  0  0  0  0  0  0  0  0  0  0  0
0   0  0  0  0  0  0  0  0  0  0  0  0  0  0  0
0   0  0  0  0  0  0  0  0  0  0  0  0  0  0  0
0   0  0  0  0  0  0  0  0  0  0  0  0  0  0  0
0   0  0  0  0  0  0  0  0  0  0  0  0  0  0  0
0   0  0  0  0  0  0  0  0  0  0  0  0  0  0  0
0   0  0  0  0  0  0  0  0  0  0  0  0  0  0  0
0   0  0  0  0  0  0  0  0  0  0  0  0  0  0  0
0   0  0  0  0  0  0  0  0  0  0  0  0  0  0  0
0   0  0  0  0  0  0  0  0  0  0  0  0  0  0  0
0   0  0  0  0  0  0  0  0  0  0  0  0  0  0  0
0   0  0  0  0  0  0  0  0  0  0  0  0  0  0  0
0   0  0  0  0  0  0  0  0  0  0  0  0  0  0  0
0   0  0  0  0  0  0  0  0  0  0  0  0  0  0  0
0   0  0  0  0  0  0  0  0  0  0  0  0  0  0  0
0   0  0  0  0  0  0  0  0  0  0  0  0  0  0  0
0   0  0  0  0  0  0  0  0  0  0  0  0  0  0  0
0   0  0  0  0  0  0  0  0  0  0  0  0  0  0  0
0   0  0  0  0  0  0  0  0  0  0  0  0  0  0  0
0   0  0  0  0  0  0  0  0  0  0  0  0  0  0  0
0   0  0  0  0  0  0  0  0  0  0  0  0  0  0  0
0   0  0  0  0  0  0  0  0  0  0  0  0  0  0  0
0   0  0  0  0  0  0  0  0  0  0  0  0  0  0  0
0   0  0  0  0  0  0  0  0  0  0  0  0  0  0  0
0   0  0  0  0  0  0  0  0  0  0  0  0  0  0  0
0   0  0  0  0  0  0  0  0  0  0  0  0  0  0  0
0   0  0  0  0  0  0  0  0  0  0  0  0  0  0  0
0   0  0  0  0  0  0  0  0  0  0  0  0  0  0  0
0   0  0  0  0  0  0  0  0  0  0  0  0  0  0  0
0   0  0  0  0  0  0  0  0  0  0  0  0  0  0  0
1.18832e-312   0  0  0  0  0  0  0  0  0  0  0  0  0  0  0
2.82302e-297   0  0  0  0  0  0  0  0  0  0  0  0  0  0  0
0   0  0  0  0  0  0  0  0  0  0  0  0  0  0  0
4.88184e-298   0  0  0  0  0  0  0  0  0  0  0  0  0  0  0
9.10851e-299   0  0  0  0  0  0  0  0  0  0  0  0  0  0  0
6.36599e-314   0  0  0  0  0  0  0  0  0  0  0  0  0  0  0
9.10851e-299   0  0  0  0  0  0  0  0  0  0  0  0  0  0  0
