=================================
# quCR Correlation Measurement 
=================================
#       Y    X=0    45   90  135 deg
          0    4256   2226    226   2058
         10    4010   2780    381   1482
         20    3736   3264    692    941
         30    3187   3571   1126    558
         40    2525   3893   1730    341
         50    1827   3866   2349    290
         60    1172   3571   2860    493
         70     620   3120   3309    787
         80     272   2480   3546   1280
         90     160   1825   3752   1882
        100     262   1291   3614   2430
        110     590    774   3182   2952
        120    1136    432   2640   3354
        130    1802    299   2139   3516
        140    2461    344   1597   3688
        150    2996    608   1024   3525
        160    3689   1036    602   3142
        170    4176   1602    341   2704
        180    4249   2231    267   2163
