=================================
# quCR Correlation Measurement 
=================================
#       Y    X=0    45   90  135 deg
          0    2602   1673    257   1125
         18    2614    669    501   2277
         36    2056    188   1679   3496
         54    1279    478   3504   4290
         72     615   1404   5026   4321
         90     190   2560   5875   3552
        108     211   3517   5653   2331
        126     656   4014   4329   1145
        144    1383   3868   2730    301
        162    2130   2883   1062    256
        180    2634   1727    259   1022
