=================================
# quCR Correlation Measurement 
=================================
#       Y    X=0    45   90  135 deg
          0    2532   1646    259   1051
         10    2633   1077    265   1601
         20    2510    634    563   2283
         30    2271    340   1078   2876
         40    2007    241   1862   3457
         50    1532    334   2638   3780
         60    1114    611   3455   3929
         70     690   1014   4216   3810
         80     379   1648   4826   3584
         90     196   2143   4949   3113
        100     167   2779   5148   2495
        110     217   3194   4727   1834
        120     464   3518   4245   1257
        130     778   3577   3433    770
        140    1221   3592   2717    428
        150    1687   3237   1936    239
        160    2082   2808   1109    347
        170    2349   2181    626    532
        180    2567   1657    267   1040
