=================================
# quCR linear Scan Data
=================================
#    Integration Time: 10 s
#  position (mm)         coinc. rates: (s^-1) ch 0 1 2 3 01...
0.9062   11145.7  54763.7  7349.3  0  19.2  2.1  11.2  0  0  0  0  0  0  0  0
0.902266   10840  54710  26323.3  0  20.4  10.1  48.6  0  0  0  0  0  0  0  0
0.898359   11143.5  54631.7  43697.4  0  18.8  14.3  74.9  0  0  0  0  0  0  0  0
0.894453   11532.9  54695.1  48535.8  0  19.7  17.6  78.5  0  0  0  0  0  0  0  0
0.890547   11708.2  54648.1  48726.5  0  19.9  18.3  75.3  0  0  0  0  0  0  0  0
0.886641   11768.8  54834.1  26876  0  20  11.1  41.8  0  0  0  0  0  0  0  0
0.882734   11761.3  54703.5  22232  0  18.5  7.1  36.2  0  0  0  0  0  0  0  0
0.878828   11449.4  54829.1  6209.2  0  19.2  2  10.6  0  0  0  0  0  0  0  0
0.874922   11160.8  54714.2  3219.3  0  21.2  1.3  5.1  0  0  0  0  0  0  0  0
0.871016   10959.3  54777.7  4545.1  0  19  1  6.7  0  0  0  0  0  0  0  0
0.867109   10747.4  54700.2  3660.9  0  17.8  1.3  5.4  0  0  0  0  0  0  0  0
0.863203   10682.8  54810.1  12490.3  0  17.3  4.5  22.8  0  0  0  0  0  0  0  0
0.859297   10799.1  54712.7  11222.9  0  18.1  3.8  18.3  0  0  0  0  0  0  0  0
0.855391   10917.3  54809.8  7656.6  0  17.9  2.7  12.8  0  0  0  0  0  0  0  0
0.851484   11167.4  54778.3  2082.7  0  21.9  1.1  3.1  0  0  0  0  0  0  0  0
0.847578   11344.4  54490.2  4921.6  0  18.9  1.5  8.2  0  0  0  0  0  0  0  0
0.843672   11488.3  54645.3  5541  0  18  1.3  9.3  0  0  0  0  0  0  0  0
0.839766   11663.3  54742.7  0.7  0  16.8  0  0  0  0  0  0  0  0  0  0
0.835859   11517.7  54712.3  0.5  0  16.7  0  0  0  0  0  0  0  0  0  0
0.831953   11568.8  54802.2  0.4  0  20.4  0  0  0  0  0  0  0  0  0  0
0.828047   11447.8  54748.3  1.2  0  17.8  0  0  0  0  0  0  0  0  0  0
0.824141   11411.2  54808.1  0.9  0  18.6  0  0  0  0  0  0  0  0  0  0
0.820234   11243.6  54738.1  1.6  0  17.9  0  0  0  0  0  0  0  0  0  0
0.816328   11035.6  54704.8  1.6  0  17.9  0  0  0  0  0  0  0  0  0  0
0.812422   10807.3  54635  0.7  0  16.3  0  0  0  0  0  0  0  0  0  0
0.808516   10650  54671.1  1.2  0  19.4  0  0  0  0  0  0  0  0  0  0
0.804609   10500.4  54758.7  0.6  0  16.8  0  0  0  0  0  0  0  0  0  0
0.800703   10542.8  54774.1  0.7  0  16.9  0  0  0  0  0  0  0  0  0  0
0.796797   10870.7  54609.9  0.7  0  18.6  0  0  0  0  0  0  0  0  0  0
0.792891   11388.6  54716.7  1.3  0  19.8  0  0  0  0  0  0  0  0  0  0
0.788984   11831  54779.9  0.6  0  18.4  0  0  0  0  0  0  0  0  0  0
0.785078   12424  54830.6  0.8  0  16.9  0  0  0  0  0  0  0  0  0  0
0.781172   12639.6  54631.1  1.4  0  21.1  0  0  0  0  0  0  0  0  0  0
0.777266   12437.4  54723.8  1.2  0  20.9  0  0  0  0  0  0  0  0  0  0
0.773359   11842.3  54705.8  1.2  0  15.2  0  0  0  0  0  0  0  0  0  0
0.769453   10991.9  54795.5  1.7  0  18.2  0  0  0  0  0  0  0  0  0  0
0.765547   9958.7  54595.1  1  0  17  0  0  0  0  0  0  0  0  0  0
0.761641   9194.5  54705.5  1.5  0  14.8  0  0  0  0  0  0  0  0  0  0
0.757734   8969.6  54788.2  0.7  0  15.6  0  0  0  0  0  0  0  0  0  0
0.753828   9557.7  54760.3  0.8  0  15.7  0  0  0  0  0  0  0  0  0  0
0.749922   10524.6  54666  0.8  0  20.2  0  0  0  0  0  0  0  0  0  0
0.746016   12013.5  54656.9  0.9  0  18.9  0  0  0  0  0  0  0  0  0  0
0.742109   13396.6  54651.6  0.8  0  24.3  0  0  0  0  0  0  0  0  0  0
0.738203   14219  54640.6  0.7  0  22.1  0  0  0  0  0  0  0  0  0  0
0.734297   14296.8  54646  0.8  0  25.3  0  0  0  0  0  0  0  0  0  0
0.730391   13272.2  54653.7  1.3  0  18.3  0  0  0  0  0  0  0  0  0  0
0.726484   11582.5  54780  0.9  0  19.2  0  0  0  0  0  0  0  0  0  0
0.722578   9483.1  54696  1  0  15.3  0  0  0  0  0  0  0  0  0  0
0.718672   7839.8  54732.4  0.9  0  14.4  0  0  0  0  0  0  0  0  0  0
0.714766   7019.8  54601.4  0.7  0  9.2  0  0  0  0  0  0  0  0  0  0
0.710859   7549.3  54617  1.1  0  11.8  0  0  0  0  0  0  0  0  0  0
0.706953   9218.8  54595.3  0.7  0  13.5  0  0  0  0  0  0  0  0  0  0
0.703047   11714.2  54721.4  0.8  0  20.8  0  0  0  0  0  0  0  0  0  0
0.699141   14226.6  54555.8  1  0  25.2  0  0  0  0  0  0  0  0  0  0
0.695234   15947.3  54700.2  0.5  0  28.8  0  0  0  0  0  0  0  0  0  0
0.691328   16308.5  54705.6  1  0  27.3  0  0  0  0  0  0  0  0  0  0
0.687422   15142.9  54673.3  1  0  24.7  0  0  0  0  0  0  0  0  0  0
0.683516   12654.2  54735  0.9  0  21.4  0  0  0  0  0  0  0  0  0  0
0.679609   9508.4  54753.7  1.3  0  14.4  0  0  0  0  0  0  0  0  0  0
0.675703   6688.9  54643.8  0.8  0  11.2  0  0  0  0  0  0  0  0  0  0
0.671797   5186  54561.4  1.5  0  6.7  0  0  0  0  0  0  0  0  0  0
0.667891   5417  54763.1  1.2  0  8.4  0  0  0  0  0  0  0  0  0  0
0.663984   7654.3  54721  1  0  12.4  0  0  0  0  0  0  0  0  0  0
0.660078   11011.5  54592.2  1.2  0  18.1  0  0  0  0  0  0  0  0  0  0
0.656172   14612  54627.7  1  0  25.9  0  0  0  0  0  0  0  0  0  0
0.652266   17274.4  54757  1.5  0  28.8  0  0  0  0  0  0  0  0  0  0
0.648359   18208.7  54683  1.3  0  28.7  0  0  0  0  0  0  0  0  0  0
0.644453   17022.4  54603.5  1  0  27.8  0  0  0  0  0  0  0  0  0  0
0.640547   14038.5  54678.4  1.4  0  20.7  0  0  0  0  0  0  0  0  0  0
0.636641   9930.5  54704.3  0.4  0  15.5  0  0  0  0  0  0  0  0  0  0
0.632734   6097.5  54749.5  1.1  0  9.7  0  0  0  0  0  0  0  0  0  0
0.628828   3665.5  54643.2  0.9  0  6.1  0  0  0  0  0  0  0  0  0  0
0.624922   3626  54697.5  0.4  0  6.4  0  0  0  0  0  0  0  0  0  0
0.621016   5893.4  54756.7  1  0  8.2  0  0  0  0  0  0  0  0  0  0
0.617109   9654.8  54724.5  0.8  0  16.9  0  0  0  0  0  0  0  0  0  0
0.613203   14140.9  54647.1  0.6  0  22.9  0  0  0  0.1  0  0  0  0  0  0
0.609297   17684.7  54675.7  1.3  0  31.3  0  0  0  0  0  0  0  0  0  0
0.605391   19464.2  54800.2  1.2  0  31.8  0  0  0  0  0  0  0  0  0  0
0.601484   18705.8  54675.7  1  0  33.6  0  0  0  0  0  0  0  0  0  0
0.597578   15456.1  54689.6  1.1  0  24.3  0.1  0  0  0  0  0  0  0  0  0
0.593672   11190.6  54849.6  0.7  0  20.5  0  0  0  0  0  0  0  0  0  0
0.589766   6822.6  54622.4  1.2  0  11.6  0  0  0  0  0  0  0  0  0  0
0.585859   3385.1  54739.8  0.9  0  4.5  0  0  0  0  0  0  0  0  0  0
0.581953   2530.1  54627.6  1  0  4.2  0  0  0  0  0  0  0  0  0  0
0.578047   4250.2  54749  0.3  0  8.5  0  0  0  0  0  0  0  0  0  0
0.574141   8124.9  54691.5  1.1  0  12.3  0  0  0  0  0  0  0  0  0  0
0.570234   12790.4  54805  1.2  0  21  0  0  0  0  0  0  0  0  0  0
0.566328   16995.3  54646.5  1.3  0  27.4  0  0  0  0  0  0  0  0  0  0
0.562422   19458  54632.8  1.1  0  30.9  0  0  0  0  0  0  0  0  0  0
0.558516   19547  54743.9  0.8  0  33.3  0  0  0  0  0  0  0  0  0  0
0.554609   17255.6  54705.6  0.8  0  28.8  0  0  0  0  0  0  0  0  0  0
0.550703   13076.7  54589.4  0.8  0  22  0  0  0  0  0  0  0  0  0  0
0.546797   8245.1  54757.6  0.9  0  12.1  0  0  0  0  0  0  0  0  0  0
0.542891   4442.1  54684.9  1.8  0  8.3  0  0  0  0  0  0  0  0  0  0
0.538984   2649.9  54687.9  0.7  0  3.1  0  0  0  0  0  0  0  0  0  0
0.535078   3497.9  54698.2  1.2  0  6.5  0  0  0  0  0  0  0  0  0  0
0.531172   6645.7  54634.2  1.3  0  11.8  0  0  0  0  0  0  0  0  0  0
0.527266   11025.6  54823.8  1.5  0  17.5  0  0  0  0  0  0  0  0  0  0
0.523359   15426.3  54608.2  1.4  0  24.5  0  0  0  0  0  0  0  0  0  0
0.519453   18462.3  54673.6  0.7  0  28.6  0  0  0  0  0  0  0  0  0  0
0.515547   19264  54674.5  1  0  30.2  0  0  0  0  0  0  0  0  0  0
0.511641   17513.8  54598.7  1.2  0  28.7  0  0  0  0  0  0  0  0  0  0
0.507734   13843.2  54665.8  1.8  0  23.5  0  0  0  0  0  0  0  0  0  0
0.503828   9756.2  54726.6  1.2  0  14.9  0  0  0  0  0  0  0  0  0  0
0.499922   5857.8  54583.1  1.2  0  10.1  0  0  0  0  0  0  0  0  0  0
0.496016   3801  54714.3  2.1  0  7.6  0  0.1  0  0  0  0  0  0  0  0
0.492109   3983.5  54863.6  0.9  0  6.8  0  0  0  0  0  0  0  0  0  0
0.488203   6378.5  54751.8  1  0  9.8  0  0  0  0  0  0  0  0  0  0
0.484297   10074.9  54707.4  0.9  0  16.5  0  0  0  0  0  0  0  0  0  0
0.480391   14158  54807.7  1.2  0  22.6  0  0  0  0  0  0  0  0  0  0
0.476484   16924.9  54665.9  1.3  0  24.2  0.1  0  0  0  0  0  0  0  0  0
0.472578   18093.8  54682.6  1.5  0  29  0  0  0  0  0  0  0  0  0  0
0.468672   16773.4  54686.5  1.2  0  28  0  0  0  0  0  0  0  0  0  0
0.464766   14129.8  54737.4  1.3  0  21.2  0  0  0  0  0  0  0  0  0  0
0.460859   10652.1  54665.9  1.2  0  16.8  0  0  0  0  0  0  0  0  0  0
0.456953   7367.5  54802  1  0  11.2  0  0  0  0  0  0  0  0  0  0
0.453047   5458.4  54774.9  1.7  0  9.8  0  0  0  0  0  0  0  0  0  0
0.449141   5475.8  54742.3  0.7  0  8.7  0  0  0  0  0  0  0  0  0  0
0.445234   7163.7  54646.8  1.2  0  12.7  0  0  0  0  0  0  0  0  0  0
0.441328   10095.3  54835.9  0.9  0  14.6  0  0  0  0  0  0  0  0  0  0
0.437422   13084.4  54716.4  1.1  0  20.5  0  0  0  0  0  0  0  0  0  0
0.433516   15439.4  54767.2  1.2  0  25.2  0  0  0  0  0  0  0  0  0  0
0.429609   16220.9  54759.4  1  0  26.6  0  0  0  0  0  0  0  0  0  0
0.425703   15464.8  54710.1  1.1  0  27.7  0  0  0  0  0  0  0  0  0  0
0.421797   13299.1  54715.4  0.8  0  22.5  0  0  0  0  0  0  0  0  0  0
0.417891   10820.4  54781.4  1  0  19.9  0  0  0  0  0  0  0  0  0  0
0.413984   8465.5  54645  1  0  13.4  0  0  0  0  0  0  0  0  0  0
0.410078   7144.1  54760.3  0.8  0  10.7  0  0  0  0  0  0  0  0  0  0
0.406172   7258.9  54703.2  1.3  0  11.2  0  0  0  0  0  0  0  0  0  0
0.402266   8443.3  54749.2  1.3  0  12  0  0  0  0  0  0  0  0  0  0
0.398359   10583.4  54620.7  0.8  0  17  0  0  0  0  0  0  0  0  0  0
0.394453   12518.6  54765.5  0.8  0  22.1  0  0  0  0  0  0  0  0  0  0
0.390547   14084.8  54839.3  0.6  0  24.1  0  0  0  0  0  0  0  0  0  0
0.386641   14557.2  54811  0.8  0  23.6  0  0  0  0  0  0  0  0  0  0
0.382734   13818.9  54699.2  0.9  0  21.5  0  0  0  0  0  0  0  0  0  0
0.378828   12277.5  54711.3  1.7  0  19.2  0  0  0  0  0  0  0  0  0  0
0.374922   10652.7  54776.5  0.9  0  17.2  0  0  0  0  0  0  0  0  0  0
0.371016   9290.3  54501.8  1.1  0  16  0  0  0  0  0  0  0  0  0  0
0.367109   8537.1  54700.1  1.1  0  14.9  0  0  0  0  0  0  0  0  0  0
0.363203   8821.6  54824.3  2.1  0  14.5  0  0  0  0  0  0  0  0  0  0
0.359297   9704.7  54737.1  0.9  0  15.9  0  0  0  0  0  0  0  0  0  0
0.355391   11006.6  55005  1.2  0  18.3  0  0  0  0  0  0  0  0  0  0
0.351484   12301.4  54988.7  1.3  0  20.3  0  0  0  0  0  0  0  0  0  0
0.347578   13190.7  54753.1  1.7  0  22.6  0  0  0  0  0  0  0  0  0  0
0.343672   13284  54666.2  1.6  0  23.4  0  0  0  0  0  0  0  0  0  0
0.339766   12736.9  54650.7  1.6  0  20.3  0  0  0  0  0  0  0  0  0  0
0.335859   11747.5  54731.3  1.8  0  20.4  0  0  0  0  0  0  0  0  0  0
0.331953   10670.2  54805.1  2.8  0  19  0  0  0  0  0  0  0  0  0  0
0.328047   9810.5  54748  1.6  0  16.4  0  0  0  0  0  0  0  0  0  0
0.324141   9466.9  54641.4  0.9  0  16.5  0  0  0  0  0  0  0  0  0  0
0.320234   9753.3  54703.5  1.6  0  17.3  0  0  0  0  0  0  0  0  0  0
0.316328   10599.9  54704.1  1  0  18.1  0  0  0  0  0  0  0  0  0  0
0.312422   11519.3  54671.6  0.9  0  19.2  0  0  0  0  0  0  0  0  0  0
0.308516   12358.6  54720.8  1.5  0  21.4  0  0  0  0  0  0  0  0  0  0
0.304609   12742.7  54639.6  1.6  0  22.2  0  0  0  0  0  0  0  0  0  0
0.300703   12588.4  54655.4  1.7  0  22.6  0  0  0  0  0  0  0  0  0  0
0.296797   11974.8  54565.9  2  0  18.9  0  0  0  0  0  0  0  0  0  0
0.292891   11121.5  54692  1.1  0  20.3  0  0  0  0  0  0  0  0  0  0
0.288984   10257.1  54843.7  1.4  0  15.9  0  0  0  0  0  0  0  0  0  0
0.285078   9852.8  54731  1.3  0  14.2  0  0  0  0  0  0  0  0  0  0
0.281172   9902.5  54670.1  2  0  20.4  0  0  0  0  0  0  0  0  0  0
0.277266   10261.8  54686.7  1.4  0  16.3  0  0  0  0  0  0  0  0  0  0
0.273359   11081.4  54670.5  1.6  0  16.3  0  0  0  0  0  0  0  0  0  0
0.269453   11826.2  54701.2  2.1  0  20.1  0  0  0  0  0  0  0  0  0  0
0.265547   12453.8  54796.9  1.8  0  20.2  0  0  0  0  0  0  0  0  0  0
0.261641   12563.6  54818.5  7  0  24.4  0  0  0  0  0  0  0  0  0  0
0.257734   12348.1  54725.1  2.3  0  17.4  0  0  0  0  0  0  0  0  0  0
0.253828   11651.5  54695.6  1.8  0  18.5  0  0  0  0  0  0  0  0  0  0
0.249922   10866.4  54835.2  0.9  0  17.3  0  0  0  0  0  0  0  0  0  0
0.246016   10208.3  54855  0.9  0  16.5  0  0  0  0  0  0  0  0  0  0
0.242109   9948.8  54666.8  1.3  0  17.4  0  0  0  0  0  0  0  0  0  0
0.238203   10121.9  54766.2  1.1  0  17.2  0  0  0  0  0  0  0  0  0  0
0.234297   10684  54770.8  0.9  0  20.3  0  0  0  0  0  0  0  0  0  0
